0,451
44,5
0,450
0,449
0,448
0,447
0,446
0,273
0,270
44,4
44,3
44,2
44,1
44,0
0,445
0,444
43,3
43,2
0,443
43,1
43,0
0,442
0,441
0,440
42,4
42,3
42,2
0,439
42,1
42,0
0,438
0,437
41,3
41,2
0,436
41,1
41,0
0,435
0,434
0,433
40,4
40,3
40,2
0,432
40,1
40,0
0,431
0,430
39,3
39,2
0,429
39,1
39,0
0,428
0,427
0,426
38,4
38,3
38,2
0,425
38,1
38,0
0,424
0,423
37,3
37,2
0,422
37,1
37,0
0,421
0,420
0,419
0,418
0,417
36,3
36,2
0,416
36,1
36,0
0,415
0,414
0,413
0,412
0,411
35,3
35,2
0,410
35,1
35,0
0,409
0,408
0,407
0,406
0,405
34,3
34,2
0,404
0,403
34,1
34,0
0,402
0,401
0,400
0,399
0,398
33,3
33,2
33,1
33,0
32,3
32,2
32,1
32,0
0,397
0,396
0,395
31,4
0,394
31,3
31,2
31,1
31,0
